0.000000000000000000e+00 1.333418400515881119e-01 4.171651820944398126e-01 7.853981633974482790e-01 1.153631144700456801e+00 1.437454486743307225e+00 1.570796326794896558e+00
0.000000000000000000e+00 1.333418400515881119e-01 4.171651820944398126e-01 7.853981633974482790e-01 1.153631144700456801e+00 1.437454486743307225e+00 1.570796326794896558e+00
0.000000000000000000e+00 1.333418400515881119e-01 4.171651820944398126e-01 7.853981633974482790e-01 1.153631144700456801e+00 1.437454486743307225e+00 1.570796326794896558e+00
0.000000000000000000e+00 1.333418400515881119e-01 4.171651820944398126e-01 7.853981633974482790e-01 1.153631144700456801e+00 1.437454486743307225e+00 1.570796326794896558e+00
0.000000000000000000e+00 1.333418400515881119e-01 4.171651820944398126e-01 7.853981633974482790e-01 1.153631144700456801e+00 1.437454486743307225e+00 1.570796326794896558e+00
0.000000000000000000e+00 1.333418400515881119e-01 4.171651820944398126e-01 7.853981633974482790e-01 1.153631144700456801e+00 1.437454486743307225e+00 1.570796326794896558e+00
0.000000000000000000e+00 1.333418400515881119e-01 4.171651820944398126e-01 7.853981633974482790e-01 1.153631144700456801e+00 1.437454486743307225e+00 1.570796326794896558e+00
0.000000000000000000e+00 1.333418400515881119e-01 4.171651820944398126e-01 7.853981633974482790e-01 1.153631144700456801e+00 1.437454486743307225e+00 1.570796326794896558e+00
0.000000000000000000e+00 1.333418400515881119e-01 4.171651820944398126e-01 7.853981633974482790e-01 1.153631144700456801e+00 1.437454486743307225e+00 1.570796326794896558e+00
0.000000000000000000e+00 1.333418400515881119e-01 4.171651820944398126e-01 7.853981633974482790e-01 1.153631144700456801e+00 1.437454486743307225e+00 1.570796326794896558e+00
0.000000000000000000e+00 1.333418400515881119e-01 4.171651820944398126e-01 7.853981633974482790e-01 1.153631144700456801e+00 1.437454486743307225e+00 1.570796326794896558e+00
0.000000000000000000e+00 1.333418400515881119e-01 4.171651820944398126e-01 7.853981633974482790e-01 1.153631144700456801e+00 1.437454486743307225e+00 1.570796326794896558e+00
0.000000000000000000e+00 1.333418400515881119e-01 4.171651820944398126e-01 7.853981633974482790e-01 1.153631144700456801e+00 1.437454486743307225e+00 1.570796326794896558e+00
0.000000000000000000e+00 1.333418400515881119e-01 4.171651820944398126e-01 7.853981633974482790e-01 1.153631144700456801e+00 1.437454486743307225e+00 1.570796326794896558e+00
0.000000000000000000e+00 1.333418400515881119e-01 4.171651820944398126e-01 7.853981633974482790e-01 1.153631144700456801e+00 1.437454486743307225e+00 1.570796326794896558e+00
0.000000000000000000e+00 1.333418400515881119e-01 4.171651820944398126e-01 7.853981633974482790e-01 1.153631144700456801e+00 1.437454486743307225e+00 1.570796326794896558e+00
0.000000000000000000e+00 1.333418400515881119e-01 4.171651820944398126e-01 7.853981633974482790e-01 1.153631144700456801e+00 1.437454486743307225e+00 1.570796326794896558e+00
0.000000000000000000e+00 1.333418400515881119e-01 4.171651820944398126e-01 7.853981633974482790e-01 1.153631144700456801e+00 1.437454486743307225e+00 1.570796326794896558e+00
0.000000000000000000e+00 1.333418400515881119e-01 4.171651820944398126e-01 7.853981633974482790e-01 1.153631144700456801e+00 1.437454486743307225e+00 1.570796326794896558e+00
0.000000000000000000e+00 1.333418400515881119e-01 4.171651820944398126e-01 7.853981633974482790e-01 1.153631144700456801e+00 1.437454486743307225e+00 1.570796326794896558e+00
0.000000000000000000e+00 1.333418400515881119e-01 4.171651820944398126e-01 7.853981633974482790e-01 1.153631144700456801e+00 1.437454486743307225e+00 1.570796326794896558e+00
0.000000000000000000e+00 1.333418400515881119e-01 4.171651820944398126e-01 7.853981633974482790e-01 1.153631144700456801e+00 1.437454486743307225e+00 1.570796326794896558e+00
0.000000000000000000e+00 1.333418400515881119e-01 4.171651820944398126e-01 7.853981633974482790e-01 1.153631144700456801e+00 1.437454486743307225e+00 1.570796326794896558e+00
0.000000000000000000e+00 1.333418400515881119e-01 4.171651820944398126e-01 7.853981633974482790e-01 1.153631144700456801e+00 1.437454486743307225e+00 1.570796326794896558e+00
0.000000000000000000e+00 1.333418400515881119e-01 4.171651820944398126e-01 7.853981633974482790e-01 1.153631144700456801e+00 1.437454486743307225e+00 1.570796326794896558e+00
