2.356450358579232685e+00 9.339359557771341747e-01 -2.000000000000000000e+00 9.339359557771337306e-01 2.356450358582381277e+00
2.280386261208616094e+00 9.031303510644641541e-01 -1.935001886340754540e+00 9.111620373285733709e-01 2.289928508310357547e+00
2.110147043942387945e+00 8.342981683635130041e-01 -1.789359910531041153e+00 8.597198030338142338e-01 2.140349857132136879e+00
1.865732736653743062e+00 7.357782268462857989e-01 -1.579814922175210024e+00 7.845877381118850913e-01 1.923722105542565952e+00
1.573744657405102165e+00 6.186276620834545437e-01 -1.328700501367719111e+00 6.924745047654286001e-01 1.661480258336275329e+00
1.263581825516258972e+00 4.949872827260404784e-01 -1.060846337233218861e+00 5.910267125204327066e-01 1.377683888375395016e+00
9.629546791114713677e-01 3.761782969482825312e-01 -7.998814215074306899e-01 4.878164350291266937e-01 1.095589180130298379e+00
6.941036007942346098e-01 2.711165925400723653e-01 -5.650814588891148738e-01 3.894402403510604516e-01 8.346809899943896660e-01
4.713979029018115496e-01 1.853337473159938631e-01 -3.693122348553580792e-01 3.008757535451926923e-01 6.086704927799559961e-01
3.006296122028859763e-01 1.207349222517994924e-01 -2.183344538489400410e-01 2.251743475752915891e-01 4.247115012697140202e-01
1.799197418067089993e-01 7.604976420904786816e-02 -1.114201378900094019e-01 1.634934756934574296e-01 2.838094450848052674e-01
1.018146033289915181e-01 4.778438615698497177e-02 -4.295783587554951460e-02 1.154049447085654795e-01 1.821529106208207849e-01
5.594441266546588964e-02 3.139465797831621219e-02 -4.556130837977470649e-03 7.937113761860632721e-02 1.129440773621575855e-01
3.158573832450190660e-02 2.239090181241668032e-02 1.287618950105443721e-02 5.326728183328224842e-02 6.826919908851197816e-02
1.960243585268871963e-02 1.714611853966680963e-02 1.749641606806184163e-02 3.484419649172912359e-02 4.062908300928595035e-02
1.348519188460621347e-02 1.329131861947002724e-02 1.557609674625694968e-02 2.206329680437233917e-02 2.390696145674197845e-02
9.487211479445332996e-03 9.705814891230535660e-03 1.125112571286176685e-02 1.328186561753036399e-02 1.373582860130905664e-02
6.085531673439482057e-03 6.213806322570699855e-03 6.812739908702135187e-03 7.306339817999621400e-03 7.383543611911875561e-03
3.121109463335699618e-03 3.152142659517073037e-03 3.278681075191763276e-03 3.356465322261681199e-03 3.363860146437675121e-03
9.711354785125728053e-04 9.732789154281380794e-04 9.815811013260547849e-04 9.859610467105226449e-04 9.862028126033724369e-04
0.000000000000000000e+00 0.000000000000000000e+00 0.000000000000000000e+00 0.000000000000000000e+00 0.000000000000000000e+00
