1.000000000000000000e+00 1.000000000000000000e+00 1.000000000000000000e+00 1.000000000000000000e+00 1.000000000000000000e+00
1.008790450378682424e+00 1.008790450378682424e+00 1.008790450378682424e+00 1.008790450378682424e+00 1.008790450378682424e+00
1.029878687567449491e+00 1.029878687567449491e+00 1.029878687567449491e+00 1.029878687567449491e+00 1.029878687567449491e+00
1.064229011619641785e+00 1.064229011619641785e+00 1.064229011619641785e+00 1.064229011619641785e+00 1.064229011619641785e+00
1.113584551865042904e+00 1.113584551865042904e+00 1.113584551865042904e+00 1.113584551865042904e+00 1.113584551865042904e+00
1.180601982603172395e+00 1.180601982603172395e+00 1.180601982603172395e+00 1.180601982603172395e+00 1.180601982603172395e+00
1.269170857321419987e+00 1.269170857321419987e+00 1.269170857321419987e+00 1.269170857321419987e+00 1.269170857321419987e+00
1.384930504297106735e+00 1.384930504297106735e+00 1.384930504297106735e+00 1.384930504297106735e+00 1.384930504297106735e+00
1.536110277666004276e+00 1.536110277666004276e+00 1.536110277666004276e+00 1.536110277666004276e+00 1.536110277666004276e+00
1.734928113325804322e+00 1.734928113325804322e+00 1.734928113325804322e+00 1.734928113325804322e+00 1.734928113325804322e+00
2.000000000000000000e+00 2.000000000000000000e+00 2.000000000000000000e+00 2.000000000000000000e+00 2.000000000000000000e+00
2.360677298728787843e+00 2.360677298728787843e+00 2.360677298728787843e+00 2.360677298728787843e+00 2.360677298728787843e+00
2.865287873893359816e+00 2.865287873893359816e+00 2.865287873893359816e+00 2.865287873893359816e+00 2.865287873893359816e+00
3.597871534826853956e+00 3.597871534826853956e+00 3.597871534826853956e+00 3.597871534826853956e+00 3.597871534826853956e+00
4.715112438067134981e+00 4.715112438067134981e+00 4.715112438067134981e+00 4.715112438067134981e+00 4.715112438067134981e+00
6.537037775478048651e+00 6.537037775478048651e+00 6.537037775478048651e+00 6.537037775478048651e+00 6.537037775478048651e+00
9.804014133789740626e+00 9.804014133789740626e+00 9.804014133789740626e+00 9.804014133789740626e+00 9.804014133789740626e+00
1.656928831354166931e+01 1.656928831354166931e+01 1.656928831354166931e+01 1.656928831354166931e+01 1.656928831354166931e+01
3.446867220129809795e+01 3.446867220129809795e+01 3.446867220129809795e+01 3.446867220129809795e+01 3.446867220129809795e+01
1.147598139937349657e+02 1.147598139937349657e+02 1.147598139937349657e+02 1.147598139937349657e+02 1.147598139937349657e+02
inf inf inf inf inf
