0.000000000000000000e+00 0.000000000000000000e+00 0.000000000000000000e+00 0.000000000000000000e+00 0.000000000000000000e+00
8.713851697726315848e-03 8.713851697726315848e-03 8.713851697726315848e-03 8.713851697726315848e-03 8.713851697726315848e-03
2.901185152012641932e-02 2.901185152012641932e-02 2.901185152012641932e-02 2.901185152012641932e-02 2.901185152012641932e-02
6.035262233820531952e-02 6.035262233820531952e-02 6.035262233820531952e-02 6.035262233820531952e-02 6.035262233820531952e-02
1.019990369611451508e-01 1.019990369611451508e-01 1.019990369611451508e-01 1.019990369611451508e-01 1.019990369611451508e-01
1.529744869688879905e-01 1.529744869688879905e-01 1.529744869688879905e-01 1.529744869688879905e-01 1.529744869688879905e-01
2.120840198690852607e-01 2.120840198690852607e-01 2.120840198690852607e-01 2.120840198690852607e-01 2.120840198690852607e-01
2.779421083604988185e-01 2.779421083604988185e-01 2.779421083604988185e-01 2.779421083604988185e-01 2.779421083604988185e-01
3.490050717456175677e-01 3.490050717456175677e-01 3.490050717456175677e-01 3.490050717456175677e-01 3.490050717456175677e-01
4.236072420989072107e-01 4.236072420989072107e-01 4.236072420989072107e-01 4.236072420989072107e-01 4.236072420989072107e-01
5.000000000000000000e-01 5.000000000000000000e-01 5.000000000000000000e-01 5.000000000000000000e-01 5.000000000000000000e-01
5.763927579010927893e-01 5.763927579010927893e-01 5.763927579010927893e-01 5.763927579010927893e-01 5.763927579010927893e-01
6.509949282543824323e-01 6.509949282543824323e-01 6.509949282543824323e-01 6.509949282543824323e-01 6.509949282543824323e-01
7.220578916395010705e-01 7.220578916395010705e-01 7.220578916395010705e-01 7.220578916395010705e-01 7.220578916395010705e-01
7.879159801309150168e-01 7.879159801309150168e-01 7.879159801309150168e-01 7.879159801309150168e-01 7.879159801309150168e-01
8.470255130311112879e-01 8.470255130311112879e-01 8.470255130311112879e-01 8.470255130311112879e-01 8.470255130311112879e-01
8.980009630388557929e-01 8.980009630388557929e-01 8.980009630388557929e-01 8.980009630388557929e-01 8.980009630388557929e-01
9.396473776617958462e-01 9.396473776617958462e-01 9.396473776617958462e-01 9.396473776617958462e-01 9.396473776617958462e-01
9.709881484798726925e-01 9.709881484798726925e-01 9.709881484798726925e-01 9.709881484798726925e-01 9.709881484798726925e-01
9.912861483022742393e-01 9.912861483022742393e-01 9.912861483022742393e-01 9.912861483022742393e-01 9.912861483022742393e-01
1.000000000000000000e+00 1.000000000000000000e+00 1.000000000000000000e+00 1.000000000000000000e+00 1.000000000000000000e+00
